{
    "N": [
        2,
        7,
        12,
        17,
        22,
        27,
        32,
        37,
        42,
        47,
        52,
        57,
        62,
        67,
        72,
        77,
        82,
        87,
        92,
        97
    ],
    "iter_time": [
        0.01608400046825409,
        0.005541000049561262,
        0.011250000447034836,
        0.019416000694036484,
        0.026624999940395355,
        0.03766699880361557,
        0.050999999046325684,
        0.07291699945926666,
        0.09416700154542923,
        0.11554200202226639,
        0.14258399605751038,
        0.1758749932050705,
        0.21183300018310547,
        0.26808398962020874,
        0.313167005777359,
        0.3616670072078705,
        0.4150420129299164,
        0.4929580092430115,
        0.5636669993400574,
        0.6512089967727661
    ],
    "matrices": [
        [
            [
                -0.83497091122194,
                -0.5502940826623555
            ],
            [
                0.5502940826623555,
                -0.83497091122194
            ]
        ],
        [
            [
                -0.24005979832571234,
                -0.616765949513369,
                -0.086419436749021,
                0.3756394659654363,
                -0.16685574048289106,
                -0.5252527007782866,
                0.33115931438341834
            ],
            [
                -0.31958381407726705,
                -0.19278632798924694,
                -0.00786275791502112,
                -0.28394972937885155,
                -0.590605913470262,
                0.5670494292735051,
                0.33113433147054555
            ],
            [
                0.21020435022649311,
                -0.4479088270167534,
                -0.07342419247308697,
                -0.5223684112327156,
                0.5839744362214655,
                0.10556420175359478,
                0.3532166500607871
            ],
            [
                0.42060920891693104,
                0.3184717285235502,
                -0.6971160703980973,
                0.09356123443864463,
                -0.16920198242084075,
                -0.05199129932317905,
                0.44227449084032927
            ],
            [
                -0.47197150952600053,
                0.4787101789168106,
                0.117101278957381,
                -0.43598664495706035,
                0.04157519442521818,
                -0.47573063398639903,
                0.34093146199525165
            ],
            [
                0.4913482412796885,
                0.11039320808600517,
                0.698111257239961,
                0.15034934254584056,
                -0.1459435035123358,
                -0.023102579680739456,
                0.46324157596803706
            ],
            [
                -0.39364870571981037,
                0.1975766693790244,
                0.005991103715331723,
                0.5328750339118197,
                0.48027113260906285,
                0.4023236059287536,
                0.35984415572140566
            ]
        ],
        [
            [
                0.01926108285615251,
                0.20594616636775484,
                -0.37470282170968583,
                0.635248492945632,
                0.20862716681640361,
                0.15950076298930585,
                -0.19083163650427387,
                -0.11760694300371133,
                -0.13720530589706437,
                0.10427440374723589,
                -0.4230518876383231,
                0.2922107002141627
            ],
            [
                0.334354273670832,
                0.27199612291379976,
                -0.17772825903028766,
                -0.17584176991468614,
                -0.1579011930759603,
                -0.0844478727842146,
                0.3297731294141803,
                0.40092375449330525,
                0.41231277010059386,
                0.3742483029889005,
                -0.12725024298476909,
                0.3520042981019481
            ],
            [
                -0.03449205168521872,
                -0.17434362674110226,
                -0.4379704818217421,
                0.14344070998451344,
                -0.46699183163656266,
                -0.05510352460370889,
                -0.2706816475837807,
                0.1092640555057827,
                0.1832889519753332,
                -0.4133893605741668,
                0.3988703697389735,
                0.2934503115455307
            ],
            [
                -0.5985703818777048,
                0.019021454640533474,
                -0.050195094387571214,
                -0.26947463648834274,
                -0.040906782286395375,
                -0.3577646659935409,
                0.006268293956459525,
                -0.406590425065534,
                0.29518047019538446,
                0.0024263293136104983,
                -0.32364942087077475,
                0.2816118320805224
            ],
            [
                -0.28433027140747025,
                -0.07271130324445266,
                -0.11519074561979335,
                -0.19177228443261396,
                0.6054037812128047,
                0.4781040261055581,
                0.0918702801802006,
                0.13359980081333692,
                0.13647702954118315,
                -0.04299764726924302,
                0.33787623619241947,
                0.32833285656390143
            ],
            [
                0.256953241210034,
                0.09581371367842392,
                0.49781562523746614,
                0.1929000473895446,
                -0.028299171116092984,
                0.13377896112142354,
                0.32437315076445333,
                -0.2291859567273587,
                0.18228875077057688,
                -0.5505457062819639,
                -0.09702109801194785,
                0.34289835964090454
            ],
            [
                -0.16430893318533157,
                -0.16014189852890862,
                0.30774190271042146,
                -0.22102853001348977,
                -0.3808641142943316,
                0.46566790948851383,
                -0.3214930268064092,
                0.28823326860909865,
                -0.21196137758618308,
                0.08115238772541948,
                -0.362328281900999,
                0.26956089971908226
            ],
            [
                0.3993322045973494,
                -0.5200190048310748,
                -0.26036075674532416,
                -0.3218032498241259,
                0.1429026270494983,
                -0.17252868899856177,
                0.1453877592901576,
                -0.1822602547162417,
                -0.41183090899214425,
                -0.05620059768197653,
                -0.16550589331788806,
                0.30670809230543794
            ],
            [
                0.0896948610627303,
                0.6186843501722603,
                0.11323529408378534,
                -0.26923097817087205,
                0.14638682153210258,
                -0.29674664857347244,
                -0.35796874259938904,
                0.07052105432501382,
                -0.3831074660844214,
                -0.146908543141851,
                0.1847829022449903,
                0.28067110467387174
            ],
            [
                -0.3572423637375697,
                -0.18939933722055122,
                0.24020461770844534,
                0.3834920807493819,
                -0.021514278630695084,
                -0.370347570557829,
                0.3486983798287017,
                0.36728964073676634,
                -0.33996909615829535,
                0.13929640422649792,
                0.17496637432890874,
                0.2683900445917186
            ],
            [
                -0.0257778192032428,
                0.18964845406917713,
                -0.03406187919800153,
                -0.0038259620294900966,
                -0.36447889262134986,
                0.29683570705825674,
                0.2430642909272632,
                -0.5381447882484464,
                -0.2527051202126913,
                0.39750594014890583,
                0.37985847076038803,
                0.16246368045920162
            ],
            [
                0.2422724697562003,
                -0.2961509836884135,
                0.37203489371841547,
                0.16242873374411695,
                0.15574703272236232,
                -0.17313507621606455,
                -0.48431316038959316,
                -0.17896173592262324,
                0.3128080043912679,
                0.4055591641197703,
                0.22291280042359404,
                0.23657759127653008
            ]
        ],
        [
            [
                0.230359813437708,
                -0.32900369538202645,
                0.3630383320780024,
                -0.09206057446138317,
                0.25328760146708756,
                0.24775237779530074,
                0.1538140860633961,
                -0.4269504978948859,
                0.17228506744124378,
                -0.030688897886164374,
                0.13450980119642308,
                -0.01826840476307503,
                0.20052513088521018,
                0.16108769384119648,
                0.009519238874730091,
                -0.4277461787254242,
                0.2620496855018924
            ],
            [
                -0.12485448118097148,
                -0.1038134385002459,
                -0.2563772658464001,
                0.0320822216419054,
                0.3078360415944465,
                0.5783236134273287,
                -0.1461537790837676,
                -0.13651992247128647,
                -0.13908747014102152,
                0.03845434768405075,
                0.2948923096579049,
                -0.05009717743418796,
                -0.12520697486875965,
                -0.17305692378981666,
                0.2371948511748843,
                0.42998918318041723,
                0.2014518980092221
            ],
            [
                -0.3551054946493274,
                -0.19518964945304088,
                -0.020927317172538498,
                -0.3037573415882635,
                0.11413820540570307,
                -0.2830750598619141,
                0.3592971641790692,
                0.25955436001663446,
                -0.015906242037297253,
                0.3236727554776562,
                0.2587309468177712,
                -0.23521611738356066,
                0.03596507913429689,
                -0.3744742420920465,
                -0.030096412853395878,
                -0.12202571325867982,
                0.26242480111581534
            ],
            [
                0.16590803786084857,
                0.043428412965741445,
                -0.3753338078975035,
                0.051471499006347496,
                0.2146743553297016,
                -0.39957591683117677,
                -0.3547913309940328,
                -0.08853220816732704,
                0.2487397890067021,
                0.22696707703906627,
                0.024145894508313934,
                -0.34530958421803476,
                -0.06531268054468695,
                0.32718426488305,
                0.30396511876163684,
                -0.08353350375730685,
                0.2090638223378325
            ],
            [
                0.31363582589218425,
                0.13157061261212577,
                0.2798291480551966,
                -0.3903218301428694,
                -0.046379472638610274,
                0.13071676978038063,
                0.2286056763505579,
                0.1285394162446942,
                -0.11188120571780912,
                0.06663309246534671,
                -0.41086962013225836,
                -0.305989446501921,
                -0.34933746340231925,
                0.13702927170494772,
                0.14350884248681672,
                0.26178558115933626,
                0.2372856315001161
            ],
            [
                -0.02801042423870935,
                0.0782650838719631,
                -0.15151794040440436,
                -0.6098466063768894,
                0.10159535026081587,
                -0.05789450257184121,
                -0.3335641625137104,
                -0.012334471914053593,
                0.2267293642964444,
                -0.28064581102469033,
                0.019419755384328587,
                0.28850951909398487,
                -0.0407004111232358,
                -0.0010539095618349388,
                -0.4317128506639423,
                0.0788282983964977,
                0.25514344835544134
            ],
            [
                -0.23662651764477088,
                0.01992013406730744,
                0.12995752301881627,
                -0.17302552905142538,
                -0.5109230942206947,
                0.16876957550669275,
                -0.2611923272844367,
                0.005882803300413394,
                0.045304958522754034,
                0.4462543443759699,
                -0.06018660498701394,
                0.3130999240639716,
                0.24029378388551892,
                0.13340678174455156,
                0.32491771945334863,
                -0.03349011217038475,
                0.23221028800278593
            ],
            [
                0.11479481025607653,
                0.29484794307994106,
                0.27213661554483776,
                0.3424906065552786,
                0.17182116880520254,
                -0.09943242211140846,
                0.013453326039762632,
                0.0048606743408700515,
                0.39396178913225116,
                0.1925813548016892,
                0.010001492041909544,
                0.37751823826337727,
                -0.3743839761691304,
                -0.3574441169979976,
                0.03359828538123513,
                0.014799240056113272,
                0.25440854917694977
            ],
            [
                0.06691826469800287,
                -0.42708331181259945,
                0.030181024995475227,
                0.19076006672829562,
                -0.006977136799837174,
                0.08619494862547199,
                -0.3399938711494378,
                0.5477476329568487,
                -0.15770593219712237,
                -0.28134783745638786,
                -0.1706948127624677,
                0.026476089591039618,
                -0.14994116778238523,
                -0.10943069227241618,
                0.1028535662444204,
                -0.31213900760778324,
                0.2763827533968379
            ],
            [
                0.017716584941550127,
                -0.05852195291124251,
                -0.19938847030582746,
                0.006503352897389168,
                -0.37631492466721295,
                -0.12956239745153916,
                -0.04582192888689194,
                -0.5505656187503841,
                -0.08728890534700078,
                -0.21173109793869735,
                -0.2664209928379992,
                -0.17118577374420854,
                -0.06854631782315666,
                -0.532320796639484,
                0.09425745820519879,
                -0.09447419803787802,
                0.18502368698537772
            ],
            [
                -0.185986485177886,
                -0.22201611711074304,
                -0.24889708920285072,
                0.21448960145246754,
                -0.20998434725129403,
                0.07209577819433773,
                0.42637249004283756,
                0.09634756138650019,
                0.5362657824500049,
                -0.2625493164540892,
                -0.15122977925972073,
                0.009836968371040075,
                0.08155945051532912,
                0.23051812984315626,
                0.00443215912625,
                0.25445443073967394,
                0.25250176665456797
            ],
            [
                -0.3470222958168994,
                0.02150647513359538,
                0.19484483926610327,
                0.29011531025889065,
                0.16256572129655047,
                0.08555421857189191,
                -0.2421940953757653,
                -0.09788719571675049,
                -0.046026821385834055,
                0.23941345333939967,
                -0.3914592309028783,
                -0.30984106852454296,
                0.15667012529292598,
                0.04720041928283246,
                -0.5190385328548591,
                0.10963478321488089,
                0.1952467489434914
            ],
            [
                0.4300248055918602,
                -0.3038370434143198,
                0.06715386500662557,
                0.14125379182879216,
                -0.05377996434785133,
                -0.3632398151487802,
                0.016669053478255282,
                -0.029871830189116322,
                -0.2934507623162637,
                0.10173066927929021,
                0.1236599090748631,
                0.21814735180335257,
                0.2933036426045334,
                -0.002285416086359361,
                -0.13847875834464016,
                0.48096682672124613,
                0.2577083368428785
            ],
            [
                -0.3172016615944545,
                0.23537485329608018,
                0.3643784956521717,
                0.1201000303199314,
                -0.18399563987470313,
                -0.20571958654914804,
                -0.06268311953257469,
                -0.09031613051576493,
                -0.1960560608365609,
                -0.403378087224815,
                0.4348947350666326,
                -0.1591056928252154,
                -0.17233839752030655,
                0.2597896810357579,
                0.07420749006884943,
                0.06317174247367464,
                0.29366038832037644
            ],
            [
                0.27838321158516677,
                0.18418841120263668,
                -0.3440172554212765,
                0.14357501938290113,
                -0.3451013617844924,
                0.25946841777747376,
                0.13881171414909932,
                0.057393450491510754,
                -0.14478565237094856,
                0.23018370469719332,
                0.27711093485777333,
                -0.06703401583614983,
                -0.21094694143318168,
                0.12627707355649612,
                -0.4377542520577777,
                -0.2743352825697867,
                0.24097645568230774
            ],
            [
                0.17372436671874994,
                0.5476139137450072,
                -0.05998686202670678,
                0.03800763655666512,
                0.12004960654951531,
                0.11679122534368129,
                0.05740512652712139,
                0.22916739643858483,
                -0.01702072158020263,
                -0.21333781280212794,
                -0.03451540139105367,
                -0.11937876573871546,
                0.6254456026253482,
                -0.19758730568365665,
                0.14184468771601702,
                -0.07707399136431686,
                0.25199624713677843
            ],
            [
                -0.2374350004517651,
                0.11455410326438821,
                -0.2629497276738751,
                0.032197570976505656,
                0.31063802076012814,
                -0.11661243422977731,
                0.2883797781126538,
                -0.14233991753293482,
                -0.4468468528195518,
                -0.008402996673046966,
                -0.30963342219361123,
                0.43292123648735453,
                -0.08467120882178134,
                0.24349582693948355,
                0.10658550942450523,
                -0.18586341677989826,
                0.22672287399665647
            ]
        ],
        [
            [
                -0.11567204908978398,
                -0.13700380790795802,
                0.009819148665244538,
                0.1103976510312179,
                0.04200762546676732,
                0.05557324381495122,
                0.4672919377526821,
                0.04273974561856368,
                0.1470353563372785,
                0.4618068111905229,
                -0.30049318289590804,
                -0.14590548779991352,
                0.20360316233424178,
                0.09486988090360544,
                -0.09596064190649099,
                0.1443703435370218,
                -0.3405252309033846,
                0.06812159682752164,
                -0.1236864684832463,
                0.3230885280403139,
                0.15822879010930263,
                0.19552560258568152
            ],
            [
                0.2715951115771833,
                -0.01880956085299435,
                -0.34806607919496163,
                -0.3394908317398615,
                0.007297347729113505,
                -0.0562702173329553,
                0.18487670225582206,
                0.026968616154589318,
                -0.3362229586755488,
                -0.16098386792198266,
                0.2624088017170367,
                -0.04875741014777594,
                -0.15290082707363578,
                0.04525996563918899,
                0.24384218012883543,
                0.15565411545273034,
                -0.035640532148198324,
                0.40819032469199984,
                -0.14586937449518156,
                0.23435649213060764,
                0.18827702626639525,
                0.22913234292658852
            ],
            [
                0.02245767669837225,
                -0.001789200499580723,
                0.07555648000881317,
                -0.34312987988490146,
                -0.011993244453960465,
                0.19114902474190554,
                -0.1783677394755626,
                -0.07421670153297992,
                -0.3509011484943549,
                0.31058220102012024,
                -0.1748048238490169,
                0.476055676290134,
                0.09150269431627306,
                0.1485618768663785,
                -0.23924155050331702,
                0.18360868461881205,
                0.03166194456511933,
                0.08216318267675461,
                0.1441431874297426,
                0.00964338128267614,
                -0.37196188932088947,
                0.19206960968885045
            ],
            [
                0.2563159783906353,
                -0.3918851664838628,
                0.35173101552304903,
                0.09667682533233639,
                0.13497061039311462,
                -0.011692394267437498,
                0.08191295060493493,
                0.05190663974976402,
                0.08368682897902587,
                -0.11814027711591954,
                -0.11748304617607937,
                0.033371239187211,
                0.10173370801119934,
                -0.38020461424601065,
                0.3474562481549911,
                0.233621467998469,
                0.33610219008733233,
                -0.05756805846359514,
                0.1056274561090931,
                0.15695047885863048,
                -0.17715934680675913,
                0.26526921099400314
            ],
            [
                -0.11872115792285894,
                -0.029548252499548327,
                0.5154879113680506,
                -0.005354435531260965,
                0.1850590130279281,
                0.12860335366888495,
                0.2775090497991033,
                -0.21908166858118128,
                -0.15432809909389256,
                -0.13205257185414254,
                0.2890845161188895,
                0.08016620555551461,
                -0.11126567386509986,
                0.05835784862940754,
                -0.36457069981772106,
                -0.04511896479630942,
                0.16664858693650608,
                0.0030298623990996035,
                -0.30137720956766123,
                -0.15676627866513343,
                0.2804466718301728,
                0.19915355123990952
            ],
            [
                0.24087883906502164,
                -0.04787797826010762,
                -0.3933713161538954,
                0.2688859491606238,
                -0.15434326991913563,
                0.12897637185421573,
                0.07971616807589679,
                -0.24352905328216484,
                0.1483057127311676,
                0.18951039485652468,
                0.32189245201309247,
                0.13106184424509737,
                -0.15668738575741983,
                -0.05867541169319648,
                -0.2425890268811968,
                -0.19115132908982688,
                0.23325132439976223,
                -0.31801566089396643,
                0.03438971298128569,
                0.28365374016603206,
                -0.1041253942034287,
                0.23752799164981567
            ],
            [
                -0.2558595324538309,
                0.07740434222674179,
                -0.20542357646817624,
                0.26951466745588293,
                -0.18015559846810345,
                0.025182985278606265,
                -0.08274680380038403,
                -0.3799249599265935,
                -0.028581464829136535,
                -0.11512823095112333,
                0.12266996354916249,
                0.02332496785092628,
                0.4684255107045669,
                -0.3159976483312935,
                -0.057126192113582906,
                0.2823709681836933,
                -0.03784167041075837,
                0.2990935600436459,
                0.12749318461790615,
                -0.21423558483172506,
                0.09905244180885824,
                0.18611388623357042
            ],
            [
                -0.01621994558960523,
                0.39947139094575046,
                0.04709282193385189,
                0.2303477103339516,
                0.03685829872295506,
                -0.26003178480664435,
                -0.13651340988744745,
                0.3013640527906422,
                -0.38955826474532673,
                0.04003103774078315,
                -0.2632162153770618,
                0.04146287148343157,
                -0.06962628098876758,
                -0.31607694108859435,
                -0.16817455419989058,
                -0.16297782396969127,
                0.11812754480826124,
                -0.036988525045241034,
                0.1185199101680116,
                0.2277845615902634,
                0.29841163841869783,
                0.22844896309972887
            ],
            [
                0.36879686859695027,
                -0.16837881471208643,
                -0.025976505012794877,
                0.0897334649736072,
                -0.3126850128054383,
                0.11263846787113063,
                -0.04997731015226169,
                0.4186450548179271,
                0.14994308389046096,
                -0.07783782172400272,
                -0.12385215262931265,
                -0.22819619037575872,
                -0.014739701871330032,
                0.08677251752512222,
                -0.4224193999931943,
                0.02307210383485172,
                0.08255744406301953,
                0.28697171872094457,
                -0.011383501299107665,
                -0.35168700822544235,
                -0.019211701384274856,
                0.2065603533156147
            ],
            [
                -0.32464492472591683,
                -0.1756936921578087,
                0.008914459079610821,
                0.27675206099989863,
                -0.2492452642351058,
                -0.01123333992660892,
                -0.009008158947670847,
                0.23200747396159066,
                -0.11733265390267383,
                0.32837086672832677,
                0.1768429319397435,
                0.19165396455815245,
                -0.3792078429201041,
                0.12879162266482905,
                0.3877600360156864,
                0.12332160862975883,
                0.011970858856451471,
                -0.02281372081275069,
                0.04356212189454164,
                -0.31557446866314964,
                0.11319023409022155,
                0.20098892117548772
            ],
            [
                -0.3391717678041546,
                -0.01495994632000633,
                -0.1641804852414631,
                0.0033406808803707433,
                0.006968214863945909,
                -0.15943980165194352,
                0.3499768113927033,
                0.2652987381841207,
                -0.13427695623455,
                -0.4168591289777107,
                0.05215755529682531,
                -0.009829238524789225,
                -0.04435908594918102,
                -0.08139422619496697,
                -0.1671503614212484,
                0.07629454093314986,
                -0.21357103228422555,
                -0.25005673484322516,
                -0.03681339647051402,
                -0.027076162745597637,
                -0.5042051105771052,
                0.19496595132480163
            ],
            [
                -0.21533908258046272,
                0.09741474757204041,
                0.014337411239429233,
                -0.18498532306077378,
                -0.3439568448348198,
                -0.1802550216906158,
                -0.2080124697225543,
                0.11540144851750453,
                0.35594710604486585,
                -0.16047111083917626,
                -0.08374779595213051,
                0.26609241091155167,
                0.19859249033114712,
                0.17579423760185078,
                0.06946922728608648,
                0.039151079179403664,
                0.23888001649691784,
                -0.05514042456385256,
                -0.47907912775512357,
                0.23446285035626707,
                0.09353698681597887,
                0.20498038480702305
            ],
            [
                -0.24522390379545225,
                0.08501959535781493,
                0.11354905471197467,
                -0.13206217251604613,
                0.01860750686486708,
                0.47315903884273663,
                0.0064921805653041734,
                0.24017345881541025,
                0.1566208458983382,
                -0.05958519712493653,
                0.20605014567702218,
                -0.01075636101379815,
                0.1590739224888207,
                -0.04586830285027824,
                0.16235573244164817,
                -0.5237850074765037,
                -0.04323758268916345,
                0.2400232547831139,
                0.2871520691677937,
                0.15984480968440873,
                -0.04666019317246764,
                0.22785097807485716
            ],
            [
                0.3113420241804064,
                0.24232834374090748,
                0.24680250338192228,
                0.014276523434590894,
                -0.1671913017049416,
                0.08689574639815421,
                -0.08138627498657149,
                -0.09376305597236233,
                0.2378132554847957,
                -0.21050421619661244,
                0.023499081476958533,
                0.26444934708376816,
                -0.22031767861100995,
                -0.08209273500023129,
                0.05242950297145348,
                0.16354893680515561,
                -0.6244269113997202,
                -0.13940330826541142,
                0.12215089388073763,
                0.021550926438031574,
                0.1146972370430145,
                0.1956955729220092
            ],
            [
                0.11067803522769362,
                0.23357135629502254,
                0.020509251135598778,
                0.4174122863737698,
                0.1602804817741686,
                0.05563276246513993,
                -0.014719020910345177,
                -0.20704796783811844,
                -0.11237596264895446,
                -0.22644927204288373,
                -0.22493685279408857,
                -0.11912594744166256,
                0.05736209948731863,
                0.6231742661169724,
                0.22597661468344865,
                -0.049731207768158744,
                0.08529969732237114,
                0.05359713687908044,
                0.02479223718050523,
                0.005745663284846291,
                -0.17264721403857175,
                0.26869494197155575
            ],
            [
                0.0004520468006792607,
                0.08005207698606417,
                0.2367392994150246,
                -0.01917604093356185,
                0.021407223254771252,
                -0.5333377475362303,
                -0.15936530346209435,
                -0.1835555739354735,
                0.1494655212359724,
                0.286660252151879,
                0.21428837498743336,
                -0.22040101959232286,
                -0.13417027631853992,
                -0.08040711791661904,
                -0.026759298211399097,
                -0.19629523680436484,
                -0.12610716499010996,
                0.33294518857244143,
                -0.0903397970663965,
                0.015057488118223977,
                -0.3902613094347699,
                0.20738479741774601
            ],
            [
                -0.031429939726827914,
                -0.0004318768581180101,
                -0.09218547886197448,
                -0.31897196029159214,
                -0.2759530986887253,
                -0.032622991333756644,
                0.2766958590633219,
                -0.3820724106306469,
                -0.0007252426082777004,
                -0.029904439601192868,
                -0.48227417874411466,
                -0.06906173640362628,
                -0.1848383803459881,
                -0.16059815862324422,
                0.14319850891159813,
                -0.34550103852593445,
                0.0908895313897421,
                -0.07823940541784236,
                0.048360377957869925,
                -0.301636212396763,
                0.05580731301107726,
                0.20027485600818573
            ],
            [
                -0.020077803774869524,
                -0.2018509568015651,
                -0.29445712526784557,
                0.07014251520486625,
                0.5359145123870152,
                0.1631907808607809,
                -0.3402451590748412,
                0.013816134385643787,
                0.07867348319294161,
                0.0016281331920017736,
                -0.17450861502975998,
                0.1267879076930337,
                -0.08781023604859625,
                -0.19782310719448626,
                0.01905166968814352,
                -0.15729282510759712,
                -0.204761472508449,
                0.014960453572610468,
                -0.42188801336868537,
                -0.19823482001569584,
                0.019213182567502703,
                0.23012795232190367
            ],
            [
                -0.03641632930330065,
                0.1814204666004373,
                -0.17334728289099338,
                -0.20933991518719053,
                0.4365745758716035,
                -0.26751768527696496,
                0.15691893988567832,
                0.09404537925674564,
                0.4283696650219792,
                0.041811951200557404,
                0.04856131372641403,
                0.1554674375459797,
                -0.027548256738850453,
                0.145571727513831,
                -0.08549857660158688,
                0.18156880969639824,
                0.20344901181153296,
                -0.0021327090213636027,
                0.41152799986316707,
                -0.20980160725861333,
                0.17986785003372688,
                0.18743509790277443
            ],
            [
                0.1367569324124107,
                0.42977647163275623,
                0.02099108464043195,
                -0.2046966838697565,
                0.019516120244067722,
                0.2041256200542698,
                -0.027448554902741902,
                0.11230751432308748,
                -0.06592462347446301,
                0.2724251868820255,
                0.18218895577663313,
                -0.3898081317705039,
                0.2278903692673748,
                -0.10113386558519834,
                0.1807310068415071,
                0.18125664143510894,
                0.05489266097412183,
                -0.3899422857505214,
                -0.21291079084770106,
                -0.24527861789286495,
                -0.07759071613376613,
                0.2021589091877895
            ],
            [
                0.11311327213307856,
                -0.4174549409201122,
                0.020543078260926835,
                -0.11841001403036004,
                -0.02919571044712202,
                -0.32129958109258355,
                -0.167343303900694,
                0.005694131511723042,
                -0.21231358705114914,
                -0.0262846843263584,
                0.15944837507647533,
                -0.038738333460824045,
                0.4158905608896696,
                0.22240680058495801,
                -0.0008193339419223037,
                -0.2599018089694125,
                -0.22616010407921702,
                -0.3386057621891314,
                0.18201725884845943,
                -0.08066084097069143,
                0.23557000257268196,
                0.20680451890448404
            ],
            [
                -0.3200981613248322,
                -0.1734431330488852,
                0.011984469823264503,
                -0.17297344863917513,
                -0.0074553722285016985,
                0.14759147996291214,
                -0.3921293153836202,
                -0.15260610363340862,
                0.025875703338663014,
                -0.099574996249688,
                -0.07129433953338456,
                -0.4813890949413347,
                -0.3273386097687654,
                0.06788059897421356,
                -0.16361166256830034,
                0.2812255573488955,
                0.030117441581769655,
                -0.12015283571909989,
                0.20488982412134996,
                0.2587067117373669,
                0.10234624129265865,
                0.19685737972751108
            ]
        ],
        [
            [
                0.019138630999104976,
                0.15064226975333875,
                0.27795288358006964,
                0.29301171195794234,
                -0.023714995171917122,
                -0.46814927052596267,
                -0.043166501373238436,
                0.2171888045376862,
                0.017675635996740956,
                -0.2124589173687962,
                -0.0176728121618615,
                -0.08000157599914574,
                0.1534861019050828,
                -0.004725214852420294,
                0.2368819530211126,
                -0.12277549137529382,
                0.14484107014421205,
                0.23337132210152114,
                -0.27121248978739854,
                -0.06926147296739459,
                -0.12288491134315492,
                -0.04180633644774578,
                0.2198723307532118,
                -0.2748310548553109,
                0.020383557072508073,
                0.23791602118976837,
                0.2158635542504867
            ],
            [
                -0.019002644111338934,
                -0.05047388153690991,
                -0.04013664732543072,
                0.3240500207312625,
